100
37 26
29 24
35 36
11 19
40 21
5 32
8 10
39 29
16 20
38 16
5 12
32 3
7 23
22 10
38 30
31 36
16 23
9 7
31 36
32 13
30 30
37 34
4 17
1 11
14 13
17 19
3 28
9 12
25 14
38 28
8 33
36 6
16 25
36 4
39 4
9 0
12 10
8 1
38 5
5 14
7 2
6 1
6 14
7 34
5 19
13 5
24 13
29 10
7 21
23 29
2 12
26 17
34 11
13 7
39 33
34 9
9 18
25 35
13 17
34 3
7 14
11 24
40 14
23 4
23 32
27 18
2 9
21 33
0 20
28 35
23 20
27 16
16 14
1 39
20 2
19 0
36 9
7 29
27 29
2 21
7 3
38 34
25 29
29 39
40 4
4 17
22 24
22 32
3 19
21 3
18 16
0 9
0 27
20 4
29 3
9 28
34 19
10 5
25 4
21 37
